5.000000000000000000e+02 1.469940000000000135e-01 1.491335999999999995e+00 1.820400000000000143e-02
1.000000000000000000e+03 2.973419999999999952e-01 3.084137000000000128e+00 2.284999999999999878e-02
1.500000000000000000e+03 4.900900000000000256e-01 6.057488000000000206e+00 2.479400000000000007e-02
2.000000000000000000e+03 7.792959999999999887e-01 7.806508000000000003e+00 3.086099999999999954e-02
2.500000000000000000e+03 7.856549999999999923e-01 9.551928000000000196e+00 2.690800000000000136e-02
3.000000000000000000e+03 8.595920000000000227e-01 9.398312999999999917e+00 2.404999999999999846e-02
3.500000000000000000e+03 1.110233000000000025e+00 1.335442800000000041e+01 2.620199999999999960e-02
4.000000000000000000e+03 1.826905999999999919e+00 1.954551199999999866e+01 2.401599999999999915e-02
4.500000000000000000e+03 1.447567999999999966e+00 1.596808700000000059e+01 3.193900000000000211e-02
5.000000000000000000e+03 2.164801000000000197e+00 2.153057700000000096e+01 2.430900000000000075e-02
5.500000000000000000e+03 2.277782999999999891e+00 2.287631800000000126e+01 2.632599999999999871e-02
6.000000000000000000e+03 2.653437999999999963e+00 2.432869499999999974e+01 2.525300000000000114e-02
6.500000000000000000e+03 2.177615999999999996e+00 2.176982699999999937e+01 2.716899999999999871e-02
7.000000000000000000e+03 2.793467000000000144e+00 2.730788799999999839e+01 2.316599999999999909e-02
7.500000000000000000e+03 2.440265000000000128e+00 3.409307700000000096e+01 2.822900000000000062e-02
8.000000000000000000e+03 3.056388999999999800e+00 3.588212200000000252e+01 3.082700000000000023e-02
8.500000000000000000e+03 2.943815999999999988e+00 3.737848300000000279e+01 2.582600000000000173e-02
9.000000000000000000e+03 3.271653000000000144e+00 3.737008000000000152e+01 3.013700000000000059e-02
9.500000000000000000e+03 3.188703999999999983e+00 3.665362600000000270e+01 2.930100000000000066e-02
1.000000000000000000e+04 4.360691000000000095e+00 3.881677200000000028e+01 3.677400000000000113e-02
1.050000000000000000e+04 3.609938000000000091e+00 4.101813099999999679e+01 3.031400000000000067e-02
1.100000000000000000e+04 3.852209000000000216e+00 4.464394599999999969e+01 2.869999999999999982e-02
1.150000000000000000e+04 4.029199000000000197e+00 4.111942700000000173e+01 2.890600000000000114e-02
1.200000000000000000e+04 4.160180000000000433e+00 4.681866500000000286e+01 3.107499999999999846e-02
