5.000000000000000000e+02 6.873300000000000243e-02 1.180070000000000008e-01 2.432700000000000140e-02 1.678999999999999937e-03 2.794000000000000043e-03 9.202090000000000547e-01
1.000000000000000000e+03 2.156119999999999981e-01 3.850270000000000081e-01 6.699700000000000100e-02 5.923999999999999579e-03 2.325999999999999943e-03 8.056971000000000060e+01
1.500000000000000000e+03 4.865269999999999873e-01 7.144989999999999952e-01 1.263980000000000103e-01 1.456700000000000009e-02 2.740999999999999947e-03 3.638252790000000232e+02
2.000000000000000000e+03 9.894749999999999934e-01 1.463626000000000094e+00 3.360259999999999914e-01 5.431799999999999823e-02 5.375999999999999703e-03 inf
2.500000000000000000e+03 1.566122999999999932e+00 2.299711999999999978e+00 5.291090000000000515e-01 9.292000000000000259e-02 8.004999999999999963e-03 inf
3.000000000000000000e+03 2.340392000000000028e+00 3.210487999999999786e+00 7.988739999999999730e-01 1.451560000000000072e-01 7.258999999999999828e-03 inf
3.500000000000000000e+03 2.943856999999999946e+00 4.178156999999999677e+00 1.032059999999999977e+00 2.068250000000000088e-01 7.631999999999999895e-03 inf
4.000000000000000000e+03 4.377744999999999997e+00 6.152885999999999633e+00 1.540737000000000023e+00 2.918259999999999743e-01 1.235699999999999993e-02 inf
4.500000000000000000e+03 4.081621000000000166e+00 5.732103999999999644e+00 1.580327000000000037e+00 3.387560000000000016e-01 7.263000000000000358e-03 inf
5.000000000000000000e+03 5.184947000000000195e+00 7.268564999999999721e+00 1.873674000000000062e+00 3.939860000000000029e-01 9.284000000000000585e-03 inf
5.500000000000000000e+03 6.828318000000000332e+00 9.148927999999999727e+00 2.504970000000000141e+00 5.307910000000000128e-01 7.641000000000000222e-03 inf
6.000000000000000000e+03 8.216203000000000145e+00 1.091246399999999994e+01 2.951921000000000017e+00 6.594330000000000469e-01 7.912000000000000630e-03 inf
6.500000000000000000e+03 9.068077999999999861e+00 1.259507200000000005e+01 3.931309000000000164e+00 6.978199999999999958e-01 1.080000000000000057e-02 inf
7.000000000000000000e+03 1.129733300000000007e+01 1.555150599999999983e+01 4.188533999999999757e+00 9.438029999999999475e-01 1.039400000000000046e-02 inf
7.500000000000000000e+03 1.243591699999999989e+01 1.642287299999999917e+01 4.687152000000000207e+00 1.065620999999999929e+00 1.013099999999999938e-02 inf
8.000000000000000000e+03 1.471708699999999936e+01 1.982160999999999973e+01 5.340377000000000152e+00 1.286891999999999925e+00 1.232499999999999915e-02 inf
8.500000000000000000e+03 1.924419699999999978e+01 2.462327600000000061e+01 6.820922000000000374e+00 1.396099999999999897e+00 1.397499999999999958e-02 inf
9.000000000000000000e+03 1.743710000000000093e+01 2.418996999999999886e+01 6.712632000000000154e+00 1.481287000000000020e+00 1.058300000000000039e-02 inf
9.500000000000000000e+03 2.366238500000000045e+01 2.933847199999999944e+01 8.649934999999999263e+00 1.727608000000000033e+00 1.061499999999999944e-02 inf
1.000000000000000000e+04 2.468921299999999874e+01 3.142271699999999868e+01 8.653366999999999365e+00 2.052004999999999857e+00 1.854499999999999899e-02 inf
1.050000000000000000e+04 2.538936800000000105e+01 3.398494199999999665e+01 9.939031999999999201e+00 2.175012000000000167e+00 1.911699999999999858e-02 inf
1.100000000000000000e+04 2.843670699999999840e+01 3.731467700000000320e+01 1.106176499999999940e+01 2.598682999999999854e+00 2.865300000000000138e-02 inf
1.150000000000000000e+04 3.129362700000000075e+01 3.929455600000000004e+01 1.219423500000000082e+01 2.899164999999999992e+00 1.971499999999999989e-02 inf
1.200000000000000000e+04 3.644014599999999859e+01 4.939038299999999992e+01 1.377022599999999919e+01 3.351437000000000221e+00 2.100899999999999990e-02 inf
